#ID	prob(Ia)	prob(II)	prob(Ibc)
1	0.314983	0.551916	0.133101
2	0.315628	0.555404	0.128968
3	0.261032	0.638819	0.100149
4	0.238317	0.632247	0.129436
5	0.292974	0.561427	0.145600
6	0.239871	0.653693	0.106437
7	0.303213	0.570512	0.126274
8	0.215215	0.662070	0.122715
9	0.273188	0.601787	0.125025
10	0.263967	0.609604	0.126429
11	0.279016	0.594685	0.126299
12	0.260847	0.620620	0.118534
13	0.295909	0.578843	0.125248
14	0.254804	0.621057	0.124139
15	0.297875	0.575766	0.126359
16	0.253696	0.623907	0.122397
17	0.252237	0.645494	0.102268
18	0.283114	0.581268	0.135618
19	0.253156	0.619576	0.127267
20	0.296194	0.573380	0.130426
21	0.299305	0.558541	0.142154
22	0.321284	0.543091	0.135626
23	0.299380	0.567784	0.132837
24	0.262677	0.615556	0.121767
25	0.262934	0.614363	0.122703
26	0.266477	0.599780	0.133743
27	0.257511	0.609194	0.133295
28	0.303362	0.569974	0.126665
29	0.271334	0.612574	0.116092
30	0.288512	0.572810	0.138678
31	0.253368	0.620244	0.126389
32	0.322720	0.534730	0.142551
33	0.176884	0.689472	0.133644
34	0.283247	0.594116	0.122637
35	0.202021	0.673956	0.124023
36	0.295269	0.580223	0.124508
37	0.254665	0.620790	0.124545
38	0.279414	0.592383	0.128203
39	0.316545	0.554514	0.128941
40	0.233779	0.667873	0.098349
41	0.254588	0.622033	0.123380
42	0.295949	0.573154	0.130896
43	0.284463	0.583090	0.132447
44	0.253073	0.618629	0.128298
45	0.301782	0.567173	0.131045
46	0.278001	0.587706	0.134294
47	0.254205	0.635636	0.110159
48	0.273437	0.603383	0.123180
49	0.245296	0.619054	0.135650
50	0.321522	0.536828	0.141650
51	0.301708	0.564250	0.134042
52	0.304707	0.564902	0.130392
53	0.278941	0.593102	0.127958
54	0.274082	0.596503	0.129416
55	0.323915	0.542192	0.133893
56	0.295276	0.571473	0.133250
57	0.278639	0.596597	0.124764
58	0.287251	0.577058	0.135691
59	0.304775	0.565369	0.129857
60	0.279399	0.585777	0.134824
61	0.276995	0.586907	0.136098
62	0.285371	0.581484	0.133145
63	0.319259	0.546378	0.134364
64	0.288158	0.575355	0.136486
65	0.264882	0.603971	0.131147
66	0.307314	0.547991	0.144694
67	0.285133	0.580098	0.134769
68	0.293318	0.579514	0.127169
69	0.288489	0.575151	0.136361
70	0.291201	0.579536	0.129263
71	0.292484	0.576686	0.130830
72	0.226148	0.654643	0.119209
73	0.253279	0.623265	0.123456
74	0.276037	0.599057	0.124906
75	0.308816	0.555721	0.135463
76	0.247216	0.653501	0.099283
77	0.272805	0.601216	0.125980
78	0.313307	0.557391	0.129302
79	0.237845	0.635538	0.126617
80	0.275913	0.599584	0.124503
81	0.311697	0.555946	0.132357
82	0.314650	0.550281	0.135069
83	0.294896	0.575335	0.129769
84	0.323425	0.545245	0.131330
85	0.272015	0.609934	0.118051
86	0.303051	0.566550	0.130399
87	0.194550	0.692205	0.113245
88	0.292923	0.566829	0.140248
89	0.260811	0.614988	0.124200
90	0.290588	0.572553	0.136859
91	0.276706	0.594026	0.129268
92	0.282741	0.601205	0.116055
93	0.263147	0.620990	0.115863
94	0.236371	0.636476	0.127153
95	0.251274	0.623612	0.125114
96	0.232349	0.679282	0.088368
97	0.282819	0.587567	0.129614
98	0.296857	0.568757	0.134386
99	0.264921	0.606412	0.128668
100	0.285518	0.581217	0.133265
101	0.252489	0.612557	0.134954
102	0.303395	0.563814	0.132790
103	0.294777	0.576951	0.128272
104	0.289320	0.568668	0.142012
105	0.297303	0.555940	0.146757
106	0.257078	0.616365	0.126557
107	0.290107	0.574655	0.135239
108	0.278141	0.571896	0.149963
109	0.255837	0.619030	0.125133
110	0.306788	0.562344	0.130868
111	0.283267	0.588316	0.128417
112	0.301805	0.571247	0.126947
113	0.301138	0.567881	0.130981
114	0.306770	0.559031	0.134200
115	0.284543	0.582455	0.133002
116	0.249738	0.626256	0.124006
117	0.269377	0.610104	0.120519
118	0.275254	0.593252	0.131494
119	0.319166	0.546830	0.134003
120	0.293889	0.555782	0.150329
121	0.253545	0.623859	0.122596
122	0.266820	0.600333	0.132848
123	0.286008	0.578009	0.135983
124	0.309181	0.560791	0.130027
125	0.293862	0.566221	0.139916
126	0.301887	0.562963	0.135150
127	0.275602	0.592773	0.131625
128	0.306802	0.557543	0.135655
129	0.307697	0.567222	0.125081
130	0.274819	0.596210	0.128971
131	0.202171	0.690119	0.107710
132	0.299960	0.574656	0.125384
133	0.270579	0.603758	0.125662
134	0.258192	0.613689	0.128120
135	0.277267	0.596527	0.126207
136	0.290098	0.569432	0.140470
137	0.299465	0.576300	0.124235
138	0.296734	0.573304	0.129962
139	0.274053	0.591090	0.134858
140	0.317567	0.547612	0.134821
141	0.239427	0.632907	0.127667
142	0.300801	0.566004	0.133195
143	0.323820	0.547582	0.128597
144	0.237689	0.667876	0.094435
145	0.307853	0.559759	0.132388
146	0.320489	0.547202	0.132308
147	0.314647	0.549771	0.135582
148	0.299736	0.565615	0.134649
149	0.308454	0.562679	0.128867
150	0.263855	0.605145	0.131000
151	0.292385	0.576403	0.131212
152	0.255602	0.617671	0.126727
153	0.270570	0.603192	0.126238
154	0.277945	0.589336	0.132719
155	0.296690	0.570798	0.132512
156	0.308916	0.563118	0.127965
157	0.295857	0.578620	0.125522
158	0.274889	0.594008	0.131104
159	0.240742	0.628096	0.131162
160	0.283856	0.590099	0.126045
161	0.284865	0.587037	0.128098
162	0.285189	0.586644	0.128167
163	0.292775	0.565455	0.141770
164	0.196812	0.700000	0.103188
165	0.301522	0.567706	0.130772
166	0.291798	0.570597	0.137605
167	0.276625	0.596722	0.126653
168	0.239140	0.659593	0.101267
169	0.283853	0.583960	0.132187
170	0.256393	0.617068	0.126539
171	0.268823	0.606668	0.124510
172	0.317827	0.547851	0.134321
173	0.294363	0.569824	0.135812
174	0.292020	0.564397	0.143582
175	0.299109	0.569021	0.131870
176	0.233957	0.674965	0.091079
177	0.236381	0.663062	0.100557
178	0.320447	0.547718	0.131835
179	0.232280	0.642853	0.124867
180	0.198267	0.688909	0.112824
181	0.233827	0.670395	0.095779
182	0.297277	0.563984	0.138739
183	0.129717	0.736286	0.133997
184	0.309008	0.558219	0.132773
185	0.253975	0.622433	0.123592
186	0.273502	0.603123	0.123376
187	0.284597	0.589547	0.125856
188	0.300878	0.572235	0.126887
189	0.234266	0.674055	0.091679
190	0.254385	0.617379	0.128236
191	0.284639	0.582585	0.132776
192	0.267120	0.598085	0.134796
193	0.279330	0.594051	0.126619
194	0.292773	0.568725	0.138502
195	0.283635	0.584082	0.132283
196	0.234880	0.663981	0.101139
197	0.300857	0.559821	0.139322
198	0.292203	0.561126	0.146671
199	0.312989	0.555608	0.131403
200	0.309987	0.558381	0.131632
201	0.253593	0.624481	0.121926
202	0.286167	0.582499	0.131334
203	0.254981	0.616897	0.128121
204	0.284823	0.587950	0.127227
205	0.301988	0.564423	0.133589
206	0.235849	0.663619	0.100533
207	0.259101	0.598193	0.142705
208	0.273855	0.595531	0.130614
209	0.307587	0.554142	0.138271
210	0.282489	0.590311	0.127200
211	0.203045	0.687412	0.109544
212	0.314785	0.554717	0.130498
213	0.311357	0.554333	0.134310
214	0.264633	0.614556	0.120811
215	0.284237	0.582810	0.132953
216	0.309915	0.560854	0.129231
217	0.257812	0.617532	0.124656
218	0.277798	0.589658	0.132544
219	0.257003	0.627292	0.115705
220	0.282492	0.578331	0.139177
221	0.291468	0.571733	0.136798
222	0.283748	0.590164	0.126088
223	0.290791	0.571358	0.137851
224	0.281735	0.581018	0.137247
225	0.277236	0.585472	0.137292
226	0.235326	0.636868	0.127805
227	0.289206	0.574520	0.136274
228	0.320681	0.545921	0.133398
229	0.231925	0.670586	0.097489
230	0.260164	0.618053	0.121782
231	0.238692	0.630245	0.131062
232	0.181642	0.713196	0.105163
233	0.297270	0.557967	0.144763
234	0.323442	0.533006	0.143552
235	0.284068	0.583116	0.132816
236	0.300991	0.565989	0.133020
237	0.295212	0.574954	0.129834
238	0.310661	0.557936	0.131403
239	0.267081	0.601389	0.131531
240	0.296260	0.565330	0.138410
241	0.278690	0.591712	0.129598
242	0.289452	0.573612	0.136936
243	0.279509	0.586143	0.134348
244	0.297359	0.555512	0.147129
245	0.265055	0.603488	0.131457
246	0.295050	0.556319	0.148630
247	0.239666	0.633413	0.126922
248	0.287209	0.581738	0.131052
249	0.269084	0.599366	0.131550
250	0.273850	0.601587	0.124564
251	0.239920	0.635812	0.124267
252	0.307055	0.561788	0.131157
253	0.294615	0.571218	0.134167
254	0.274072	0.607797	0.118131
255	0.257442	0.630127	0.112431
256	0.253199	0.622557	0.124244
257	0.303568	0.557084	0.139348
258	0.262984	0.616204	0.120812
259	0.269557	0.617447	0.112996
260	0.313430	0.555907	0.130662
261	0.309783	0.560313	0.129903
262	0.252464	0.621594	0.125942
263	0.280440	0.588146	0.131415
264	0.309934	0.555449	0.134617
265	0.253706	0.623582	0.122712
266	0.239311	0.634656	0.126033
267	0.253430	0.620754	0.125816
268	0.294258	0.580467	0.125275
269	0.314229	0.553547	0.132224
270	0.267321	0.614605	0.118074
271	0.253344	0.637287	0.109369
272	0.218415	0.649138	0.132448
273	0.323732	0.544371	0.131897
274	0.298200	0.564285	0.137515
275	0.304277	0.570395	0.125328
276	0.266488	0.601142	0.132370
277	0.279215	0.589014	0.131771
278	0.302040	0.570683	0.127277
279	0.297209	0.557612	0.145178
280	0.257633	0.631993	0.110374
281	0.255314	0.620715	0.123972
282	0.284959	0.567640	0.147401
283	0.261416	0.617928	0.120656
284	0.296785	0.573062	0.130153
285	0.317580	0.546010	0.136411
286	0.284192	0.586129	0.129680
287	0.281891	0.589529	0.128580
288	0.286231	0.570331	0.143438
289	0.278548	0.572203	0.149249
290	0.283399	0.588831	0.127769
291	0.302254	0.567890	0.129856
292	0.256640	0.616552	0.126808
293	0.299536	0.570216	0.130248
294	0.269975	0.616370	0.113655
295	0.277457	0.592088	0.130455
296	0.324037	0.541758	0.134205
297	0.293013	0.581254	0.125733
298	0.268393	0.607408	0.124199
299	0.242758	0.653475	0.103767
300	0.262288	0.617608	0.120104
301	0.281691	0.601670	0.116639
302	0.256901	0.618089	0.125009
303	0.292509	0.565693	0.141798
304	0.263397	0.611762	0.124842
305	0.293132	0.582964	0.123904
306	0.217557	0.659634	0.122809
307	0.280047	0.591622	0.128331
308	0.307457	0.557748	0.134795
309	0.239514	0.634048	0.126438
310	0.256328	0.633793	0.109878
311	0.257538	0.614460	0.128002
312	0.250813	0.636991	0.112195
313	0.298576	0.571470	0.129955
314	0.241123	0.642473	0.116403
315	0.284467	0.595015	0.120518
316	0.284158	0.590678	0.125163
317	0.259060	0.625181	0.115760
318	0.278112	0.596247	0.125640
319	0.293067	0.583201	0.123732
320	0.239847	0.624344	0.135809
321	0.240447	0.674634	0.084919
322	0.281780	0.584003	0.134216
323	0.277865	0.592875	0.129260
324	0.288636	0.578121	0.133244
325	0.305661	0.569257	0.125082
326	0.287740	0.574195	0.138065
327	0.290749	0.571704	0.137547
328	0.302975	0.561511	0.135514
329	0.238663	0.634750	0.126587
330	0.292249	0.575980	0.131771
331	0.238083	0.635048	0.126870
332	0.293005	0.566663	0.140332
333	0.274454	0.602271	0.123274
334	0.291641	0.564271	0.144088
335	0.253804	0.624230	0.121966
336	0.301843	0.564058	0.134099
337	0.304370	0.569666	0.125964
338	0.278221	0.591576	0.130202
339	0.271055	0.603513	0.125432
340	0.298897	0.564201	0.136902
341	0.263170	0.601720	0.135110
342	0.310327	0.560598	0.129075
343	0.236155	0.661557	0.102288
344	0.279100	0.594133	0.126767
345	0.274115	0.601988	0.123897
346	0.300809	0.568607	0.130584
347	0.265204	0.603854	0.130942
348	0.234572	0.632600	0.132828
349	0.322651	0.533672	0.143677
350	0.272234	0.599441	0.128325
351	0.253515	0.614118	0.132367
352	0.242409	0.657252	0.100339
353	0.307249	0.559679	0.133072
354	0.205119	0.674963	0.119918
355	0.269328	0.612798	0.117875
356	0.241271	0.627006	0.131723
357	0.282007	0.584744	0.133249
358	0.298449	0.567847	0.133705
359	0.247845	0.645771	0.106384
360	0.237796	0.634009	0.128195
361	0.227202	0.678858	0.093940
362	0.278197	0.593964	0.127839
363	0.261806	0.617826	0.120368
364	0.283493	0.583330	0.133177
365	0.313543	0.553145	0.133312
366	0.262268	0.617242	0.120489
367	0.272895	0.600800	0.126304
368	0.316139	0.553651	0.130210
369	0.276669	0.596129	0.127201
370	0.264321	0.607376	0.128303
371	0.237134	0.634012	0.128854
372	0.244732	0.661524	0.093744
373	0.306349	0.564164	0.129487
374	0.262782	0.610063	0.127154
375	0.303663	0.564549	0.131788
376	0.264190	0.615875	0.119935
377	0.276161	0.591981	0.131858
378	0.284121	0.583658	0.132221
379	0.318272	0.547096	0.134631
380	0.283067	0.580959	0.135974
381	0.264089	0.624258	0.111653
382	0.310968	0.558785	0.130248
383	0.306968	0.550705	0.142327
384	0.310741	0.558727	0.130532
385	0.303555	0.567109	0.129335
386	0.269655	0.609206	0.121138
387	0.297549	0.576440	0.126011
388	0.315598	0.553880	0.130522
389	0.299184	0.573079	0.127737
390	0.284378	0.588688	0.126934
391	0.295151	0.580793	0.124056
392	0.295671	0.554318	0.150012
393	0.235116	0.669237	0.095647
394	0.310330	0.556067	0.133603
395	0.269181	0.607535	0.123284
396	0.240505	0.662613	0.096882
397	0.266067	0.616263	0.117671
398	0.288925	0.577803	0.133272
399	0.289525	0.587817	0.122658
400	0.278735	0.593539	0.127726
401	0.272841	0.612136	0.115023
402	0.273526	0.602122	0.124353
403	0.235736	0.657941	0.106323
404	0.292065	0.577634	0.130301
405	0.324038	0.542425	0.133537
406	0.293357	0.564046	0.142597
407	0.287562	0.590762	0.121676
408	0.300079	0.566684	0.133237
409	0.292076	0.565521	0.142402
410	0.267564	0.598801	0.133634
411	0.272560	0.597916	0.129524
412	0.267990	0.609734	0.122276
413	0.296052	0.571791	0.132157
414	0.269974	0.598615	0.131411
415	0.297831	0.569938	0.132231
416	0.284863	0.579263	0.135874
417	0.253296	0.635503	0.111201
418	0.315840	0.537728	0.146432
419	0.204383	0.687900	0.107717
420	0.271335	0.590269	0.138395
421	0.244108	0.658297	0.097595
422	0.268410	0.607135	0.124455
423	0.313292	0.556246	0.130462
424	0.307486	0.566028	0.126486
425	0.255791	0.619698	0.124511
426	0.293509	0.555801	0.150690
427	0.296757	0.556664	0.146580
428	0.262022	0.608182	0.129796
429	0.285923	0.586176	0.127901
430	0.254304	0.621493	0.124203
431	0.299855	0.563010	0.137135
432	0.298990	0.572305	0.128705
433	0.318601	0.546278	0.135121
434	0.283763	0.577920	0.138318
435	0.262344	0.610511	0.127145
436	0.274562	0.599378	0.126060
437	0.253024	0.613765	0.133211
438	0.231754	0.668574	0.099672
439	0.293062	0.566583	0.140356
440	0.297349	0.576484	0.126167
441	0.310012	0.556007	0.133981
442	0.293551	0.566922	0.139526
443	0.250621	0.638785	0.110593
444	0.234972	0.675198	0.089830
445	0.308896	0.557604	0.133500
446	0.277690	0.608459	0.113851
447	0.301107	0.568965	0.129928
448	0.295330	0.572411	0.132258
449	0.263794	0.620863	0.115343
450	0.266825	0.608725	0.124451
451	0.269850	0.605855	0.124294
452	0.293661	0.568366	0.137972
453	0.237210	0.670563	0.092227
454	0.236918	0.674147	0.088935
455	0.310019	0.558374	0.131607
456	0.239160	0.654230	0.106609
457	0.263869	0.609957	0.126174
458	0.253684	0.625836	0.120481
459	0.256240	0.636318	0.107442
460	0.127235	0.732673	0.140092
461	0.282117	0.586356	0.131527
462	0.283248	0.577666	0.139086
463	0.236109	0.673102	0.090789
464	0.277439	0.600344	0.122217
465	0.285295	0.581913	0.132792
466	0.274944	0.615251	0.109805
467	0.266785	0.605244	0.127971
468	0.303325	0.577566	0.119110
469	0.265865	0.601278	0.132857
470	0.267707	0.613831	0.118462
471	0.323758	0.548486	0.127756
472	0.323887	0.543607	0.132507
473	0.287078	0.578669	0.134253
474	0.231272	0.679319	0.089409
475	0.263924	0.605228	0.130848
476	0.275283	0.592831	0.131885
477	0.269690	0.608605	0.121705
478	0.320716	0.548504	0.130780
479	0.300330	0.565168	0.134501
480	0.277190	0.587816	0.134994
481	0.192841	0.680838	0.126321
482	0.285485	0.579982	0.134534
483	0.301286	0.568349	0.130365
484	0.263327	0.610897	0.125777
485	0.263437	0.632452	0.104111
486	0.284143	0.586507	0.129350
487	0.315810	0.545713	0.138477
488	0.307461	0.562298	0.130240
489	0.309053	0.556870	0.134077
490	0.277337	0.589898	0.132765
491	0.295331	0.578460	0.126209
492	0.255099	0.631374	0.113527
493	0.294093	0.577347	0.128560
494	0.239815	0.628249	0.131936
495	0.232210	0.670579	0.097211
496	0.253331	0.626090	0.120579
497	0.289321	0.594217	0.116461
498	0.309494	0.562266	0.128240
499	0.297099	0.574208	0.128693
500	0.238953	0.636224	0.124823
501	0.252626	0.618757	0.128617
502	0.242277	0.646507	0.111216
503	0.285345	0.595685	0.118970
504	0.314676	0.556687	0.128637
505	0.300229	0.568901	0.130870
506	0.264217	0.603755	0.132029
507	0.251712	0.649362	0.098925
508	0.292867	0.584393	0.122740
509	0.283186	0.574964	0.141850
510	0.253892	0.636167	0.109941
511	0.315400	0.553985	0.130615
512	0.231869	0.673489	0.094642
513	0.273162	0.597716	0.129122
514	0.286705	0.580047	0.133248
515	0.262412	0.612813	0.124775
516	0.288680	0.580084	0.131236
517	0.233948	0.662999	0.103053
518	0.284688	0.579380	0.135931
519	0.251546	0.618248	0.130206
520	0.272493	0.605213	0.122294
521	0.234096	0.669144	0.096759
522	0.268805	0.618666	0.112529
523	0.304453	0.563903	0.131645
524	0.285392	0.594484	0.120124
525	0.274330	0.597522	0.128148
526	0.274617	0.600112	0.125270
527	0.265689	0.596071	0.138240
528	0.279954	0.590834	0.129212
529	0.322768	0.539858	0.137374
530	0.280440	0.585171	0.134388
531	0.299203	0.568335	0.132462
532	0.246699	0.628778	0.124523
533	0.263920	0.602448	0.133632
534	0.303448	0.553592	0.142961
535	0.189050	0.679181	0.131769
536	0.277078	0.592840	0.130082
537	0.310251	0.546721	0.143028
538	0.239631	0.633581	0.126788
539	0.300608	0.572287	0.127106
540	0.284168	0.582040	0.133791
541	0.291709	0.576245	0.132047
542	0.262238	0.616665	0.121098
543	0.268802	0.610766	0.120432
544	0.277036	0.599691	0.123273
545	0.275921	0.598602	0.125477
546	0.236574	0.665164	0.098262
547	0.262706	0.618246	0.119048
548	0.253754	0.625167	0.121080
549	0.253738	0.623837	0.122425
550	0.316467	0.552261	0.131273
551	0.292312	0.577890	0.129798
552	0.279562	0.588416	0.132022
553	0.279207	0.590800	0.129993
554	0.272875	0.606095	0.121030
555	0.287265	0.583686	0.129049
556	0.286075	0.578834	0.135091
557	0.286393	0.592168	0.121439
558	0.298745	0.550600	0.150655
559	0.308072	0.541821	0.150107
560	0.295913	0.576717	0.127370
561	0.285295	0.583390	0.131315
562	0.303252	0.568063	0.128685
563	0.274290	0.615879	0.109831
564	0.245465	0.627927	0.126608
565	0.291960	0.586732	0.121307
566	0.301143	0.568871	0.129986
567	0.321767	0.548183	0.130050
568	0.299639	0.565218	0.135143
569	0.282913	0.588986	0.128101
570	0.241781	0.662840	0.095379
571	0.298381	0.576535	0.125084
572	0.286585	0.576308	0.137107
573	0.243230	0.661613	0.095157
574	0.283149	0.583429	0.133422
575	0.276454	0.598157	0.125389
576	0.282978	0.582178	0.134845
577	0.264175	0.603421	0.132404
578	0.263867	0.610052	0.126081
579	0.289150	0.578262	0.132588
580	0.305853	0.560622	0.133525
581	0.273740	0.603451	0.122809
582	0.320947	0.546183	0.132869
583	0.264841	0.608738	0.126421
584	0.256018	0.614557	0.129426
585	0.241504	0.658645	0.099851
586	0.284286	0.580241	0.135473
587	0.248850	0.631327	0.119823
588	0.255769	0.616195	0.128036
589	0.236960	0.636319	0.126721
590	0.276932	0.593586	0.129482
591	0.212833	0.646963	0.140204
592	0.282118	0.587899	0.129983
593	0.276890	0.596445	0.126665
594	0.236576	0.636630	0.126794
595	0.248820	0.624120	0.127060
596	0.234875	0.668843	0.096282
597	0.309210	0.557221	0.133569
598	0.270045	0.603918	0.126037
599	0.308417	0.561139	0.130443
600	0.314046	0.549559	0.136395
601	0.262542	0.620946	0.116513
602	0.280915	0.590566	0.128519
603	0.213636	0.674884	0.111480
604	0.323944	0.545932	0.130124
605	0.276381	0.597710	0.125909
606	0.271665	0.605120	0.123215
607	0.320882	0.539842	0.139276
608	0.263941	0.602593	0.133466
609	0.276390	0.600667	0.122942
610	0.317475	0.534755	0.147770
611	0.311166	0.557493	0.131341
612	0.230964	0.676594	0.092442
613	0.291475	0.572099	0.136425
614	0.306922	0.562022	0.131055
615	0.236952	0.654247	0.108800
616	0.306235	0.568416	0.125349
617	0.299728	0.569258	0.131013
618	0.233960	0.633936	0.132103
619	0.276850	0.592175	0.130975
620	0.317468	0.541466	0.141065
621	0.307854	0.558317	0.133829
622	0.276857	0.598125	0.125019
623	0.181806	0.694797	0.123397
624	0.287523	0.577438	0.135039
625	0.265184	0.612023	0.122793
626	0.248723	0.633574	0.117702
627	0.279344	0.592797	0.127859
628	0.318756	0.544531	0.136712
629	0.284381	0.573131	0.142488
630	0.283396	0.585866	0.130739
631	0.292542	0.565292	0.142165
632	0.286035	0.619302	0.094663
633	0.288004	0.596839	0.115157
634	0.299961	0.569698	0.130341
635	0.297688	0.577012	0.125300
636	0.279646	0.608528	0.111826
637	0.280960	0.596049	0.122991
638	0.268842	0.599563	0.131594
639	0.316261	0.554773	0.128967
640	0.257985	0.643118	0.098898
641	0.313815	0.553746	0.132439
642	0.323859	0.545161	0.130981
643	0.278266	0.594866	0.126867
644	0.316859	0.544830	0.138311
645	0.272113	0.600204	0.127683
646	0.308385	0.558113	0.133502
647	0.301893	0.570279	0.127828
648	0.277370	0.595681	0.126949
649	0.290539	0.576267	0.133193
650	0.290943	0.569695	0.139362
651	0.295301	0.575593	0.129107
652	0.177642	0.717890	0.104468
653	0.238350	0.673902	0.087749
654	0.237037	0.660482	0.102481
655	0.296663	0.578474	0.124863
656	0.258925	0.621979	0.119096
657	0.316661	0.544912	0.138426
658	0.267084	0.612345	0.120571
659	0.314681	0.546974	0.138345
660	0.323431	0.539752	0.136818
661	0.272993	0.598461	0.128546
662	0.240082	0.626777	0.133142
663	0.284641	0.590082	0.125277
664	0.233116	0.664649	0.102235
665	0.315674	0.554100	0.130226
666	0.290033	0.574081	0.135886
667	0.235740	0.664286	0.099974
668	0.238812	0.632820	0.128368
669	0.277939	0.591854	0.130208
670	0.242055	0.631294	0.126651
671	0.300666	0.567478	0.131856
672	0.282443	0.587464	0.130093
673	0.314352	0.554746	0.130902
674	0.221460	0.662154	0.116386
675	0.260916	0.609732	0.129352
676	0.281896	0.576612	0.141492
677	0.232777	0.667981	0.099242
678	0.254844	0.642264	0.102892
679	0.254841	0.621589	0.123570
680	0.284092	0.563532	0.152377
681	0.298214	0.576464	0.125322
682	0.308353	0.561044	0.130603
683	0.286911	0.578918	0.134171
684	0.271508	0.603173	0.125319
685	0.301383	0.561358	0.137260
686	0.258037	0.625989	0.115975
687	0.293699	0.574967	0.131333
688	0.254160	0.622783	0.123056
689	0.290815	0.578446	0.130739
690	0.275710	0.589591	0.134699
691	0.278198	0.589825	0.131976
692	0.271279	0.614284	0.114437
693	0.270996	0.600042	0.128962
694	0.269028	0.609491	0.121481
695	0.247276	0.647061	0.105663
696	0.278737	0.589919	0.131343
697	0.251533	0.625704	0.122763
698	0.316204	0.554765	0.129031
699	0.243090	0.665940	0.090970
700	0.278789	0.593351	0.127860
701	0.251244	0.647971	0.100785
702	0.299518	0.567111	0.133370
703	0.317056	0.545363	0.137582
704	0.256689	0.618229	0.125082
705	0.262640	0.605537	0.131823
706	0.294002	0.564679	0.141319
707	0.306842	0.565921	0.127237
708	0.286447	0.577276	0.136277
709	0.272794	0.597834	0.129372
710	0.260301	0.633640	0.106059
711	0.272956	0.596810	0.130234
712	0.278080	0.596261	0.125659
713	0.324192	0.541322	0.134486
714	0.313082	0.554925	0.131993
715	0.259185	0.602715	0.138099
716	0.283478	0.581169	0.135353
717	0.292966	0.561167	0.145867
718	0.274401	0.598914	0.126685
719	0.277247	0.590374	0.132379
720	0.307446	0.555307	0.137248
721	0.232909	0.667696	0.099395
722	0.291944	0.581759	0.126297
723	0.298154	0.574093	0.127753
724	0.240209	0.625997	0.133794
725	0.299143	0.571733	0.129124
726	0.295839	0.553265	0.150896
727	0.240065	0.658548	0.101387
728	0.237231	0.662935	0.099834
729	0.295756	0.561569	0.142675
730	0.313556	0.554660	0.131784
731	0.297538	0.569406	0.133056
732	0.304418	0.564220	0.131361
733	0.322238	0.534403	0.143360
734	0.284250	0.585832	0.129918
735	0.294537	0.558828	0.146634
736	0.292608	0.582168	0.125224
737	0.285061	0.582755	0.132184
738	0.266156	0.609709	0.124135
739	0.298504	0.570513	0.130983
740	0.302964	0.566145	0.130891
741	0.301632	0.564974	0.133394
742	0.264245	0.604484	0.131271
743	0.298492	0.575952	0.125556
744	0.300397	0.572455	0.127148
745	0.231278	0.677943	0.090779
746	0.256134	0.626346	0.117521
747	0.279529	0.594194	0.126277
748	0.322415	0.543338	0.134247
749	0.287663	0.578306	0.134031
750	0.289856	0.564773	0.145371
751	0.294018	0.558161	0.147821
752	0.275737	0.599644	0.124619
753	0.292096	0.584486	0.123417
754	0.232505	0.634627	0.132868
755	0.282471	0.587924	0.129605
756	0.253423	0.622538	0.124039
757	0.253818	0.626795	0.119387
758	0.298726	0.563427	0.137847
759	0.256244	0.615162	0.128594
760	0.277793	0.602699	0.119508
761	0.281064	0.587946	0.130990
762	0.264170	0.618319	0.117511
763	0.314054	0.550550	0.135396
764	0.292988	0.582536	0.124475
765	0.313377	0.554522	0.132101
766	0.318062	0.546208	0.135729
767	0.305004	0.567750	0.127247
768	0.287705	0.574183	0.138113
769	0.275755	0.600016	0.124229
770	0.290523	0.590618	0.118858
771	0.298787	0.574914	0.126299
772	0.266966	0.599514	0.133520
773	0.313823	0.555648	0.130530
774	0.267496	0.599519	0.132984
775	0.285020	0.596601	0.118379
776	0.276249	0.582916	0.140836
777	0.254697	0.621863	0.123440
778	0.278942	0.604653	0.116405
779	0.311242	0.551800	0.136958
780	0.292311	0.574353	0.133336
781	0.268006	0.607652	0.124342
782	0.249716	0.636498	0.113786
783	0.278413	0.594316	0.127271
784	0.265875	0.602121	0.132004
785	0.269896	0.615289	0.114816
786	0.283366	0.584672	0.131962
787	0.298922	0.574142	0.126937
788	0.307576	0.560788	0.131637
789	0.324092	0.543243	0.132664
790	0.289611	0.583312	0.127077
791	0.285650	0.571776	0.142574
792	0.256773	0.614761	0.128465
793	0.233711	0.631568	0.134721
794	0.274623	0.602114	0.123263
795	0.253203	0.633134	0.113663
796	0.303706	0.561957	0.134337
797	0.239098	0.660723	0.100179
798	0.168387	0.743929	0.087684
799	0.239815	0.663647	0.096539
800	0.233762	0.668506	0.097732
801	0.320206	0.547492	0.132302
802	0.239203	0.630799	0.129998
803	0.271392	0.582146	0.146462
804	0.255912	0.619186	0.124902
805	0.284971	0.577107	0.137922
806	0.282513	0.587091	0.130396
807	0.231120	0.676530	0.092350
808	0.313716	0.559520	0.126765
809	0.303066	0.566167	0.130766
810	0.268335	0.602161	0.129505
811	0.233004	0.670274	0.096722
812	0.291853	0.566623	0.141525
813	0.234763	0.667279	0.097959
814	0.273089	0.602549	0.124363
815	0.299440	0.570974	0.129586
816	0.321090	0.540305	0.138605
817	0.273394	0.577360	0.149246
818	0.270092	0.615469	0.114439
819	0.309348	0.562320	0.128332
820	0.276127	0.597844	0.126029
821	0.210272	0.675636	0.114092
822	0.281588	0.590529	0.127883
823	0.286261	0.585758	0.127981
824	0.304646	0.568095	0.127258
825	0.253589	0.624865	0.121547
826	0.235220	0.663912	0.100868
827	0.288341	0.576885	0.134774
828	0.231188	0.677289	0.091524
829	0.317500	0.533918	0.148582
830	0.264859	0.603619	0.131522
831	0.319874	0.551315	0.128810
832	0.260863	0.617273	0.121864
833	0.294828	0.562812	0.142361
834	0.255290	0.616246	0.128464
835	0.274868	0.592653	0.132480
836	0.301249	0.561040	0.137711
837	0.286224	0.577218	0.136559
838	0.302792	0.558470	0.138738
839	0.291967	0.578206	0.129827
840	0.300678	0.551909	0.147412
841	0.293628	0.562143	0.144229
842	0.264666	0.604061	0.131273
843	0.319291	0.546470	0.134239
844	0.314370	0.550789	0.134841
845	0.314909	0.554474	0.130617
846	0.314485	0.542232	0.143283
847	0.300219	0.567285	0.132496
848	0.263926	0.609431	0.126642
849	0.240567	0.654020	0.105413
850	0.234370	0.670291	0.095339
851	0.263005	0.608987	0.128008
852	0.278639	0.590104	0.131257
853	0.281589	0.589430	0.128982
854	0.248017	0.641604	0.110379
855	0.298022	0.571850	0.130129
856	0.282451	0.584059	0.133489
857	0.322727	0.528236	0.149037
858	0.279901	0.591011	0.129087
859	0.241734	0.624427	0.133839
860	0.294872	0.571817	0.133311
861	0.272162	0.601296	0.126542
862	0.238871	0.632294	0.128835
863	0.268770	0.604767	0.126463
864	0.296955	0.571119	0.131926
865	0.285956	0.574113	0.139930
866	0.287429	0.575154	0.137417
867	0.289527	0.579636	0.130838
868	0.256581	0.618446	0.124974
869	0.323136	0.541648	0.135216
870	0.236691	0.629176	0.134132
871	0.266361	0.607493	0.126147
872	0.298617	0.550742	0.150641
873	0.295114	0.560450	0.144436
874	0.323649	0.537802	0.138549
875	0.247737	0.627002	0.125261
876	0.302851	0.568615	0.128534
877	0.233797	0.665404	0.100799
878	0.253599	0.625854	0.120547
879	0.310017	0.557506	0.132476
880	0.300279	0.568414	0.131307
881	0.295460	0.576930	0.127610
882	0.245402	0.649519	0.105079
883	0.249223	0.625127	0.125650
884	0.284702	0.580544	0.134754
885	0.313426	0.548066	0.138508
886	0.278501	0.610845	0.110655
887	0.254463	0.625949	0.119588
888	0.269969	0.600219	0.129812
889	0.308598	0.556778	0.134624
890	0.263959	0.610024	0.126017
891	0.292357	0.577065	0.130578
892	0.286674	0.576079	0.137246
893	0.280166	0.586772	0.133062
894	0.283721	0.574970	0.141308
895	0.322736	0.547024	0.130240
896	0.296265	0.576631	0.127104
897	0.293445	0.568076	0.138479
898	0.279549	0.589618	0.130833
899	0.306430	0.560731	0.132839
900	0.291178	0.595359	0.113464
901	0.268483	0.604629	0.126888
902	0.255162	0.619744	0.125094
903	0.266710	0.611088	0.122202
904	0.313662	0.551742	0.134596
905	0.264196	0.605126	0.130678
906	0.313884	0.546769	0.139346
907	0.254633	0.634610	0.110757
908	0.283273	0.599750	0.116976
909	0.292814	0.583458	0.123728
910	0.245351	0.653898	0.100751
911	0.298948	0.575135	0.125917
912	0.294956	0.571127	0.133917
913	0.316455	0.552155	0.131390
914	0.304494	0.550851	0.144654
915	0.276202	0.594305	0.129493
916	0.319529	0.543892	0.136580
917	0.264745	0.603374	0.131881
918	0.280784	0.590214	0.129002
919	0.279589	0.602477	0.117933
920	0.267903	0.603190	0.128908
921	0.307007	0.574379	0.118614
922	0.277350	0.604944	0.117706
923	0.271652	0.585975	0.142374
924	0.310794	0.558825	0.130381
925	0.233118	0.639519	0.127362
926	0.314392	0.558386	0.127222
927	0.270139	0.600435	0.129426
928	0.276232	0.612608	0.111160
929	0.285722	0.572796	0.141482
930	0.279198	0.587913	0.132889
931	0.278991	0.591773	0.129236
932	0.295752	0.578560	0.125688
933	0.277101	0.626702	0.096197
934	0.233399	0.669553	0.097048
935	0.301133	0.550994	0.147872
936	0.289526	0.573347	0.137127
937	0.279776	0.590272	0.129952
938	0.255111	0.618968	0.125921
939	0.295490	0.580821	0.123689
940	0.254276	0.621091	0.124633
941	0.264169	0.608581	0.127250
942	0.296337	0.575426	0.128237
943	0.295588	0.562176	0.142235
944	0.265618	0.599467	0.134915
945	0.276134	0.591946	0.131921
946	0.264338	0.609850	0.125812
947	0.301247	0.560489	0.138264
948	0.276496	0.590501	0.133003
949	0.314130	0.556680	0.129190
950	0.288238	0.574267	0.137495
951	0.239902	0.659803	0.100296
952	0.292366	0.567730	0.139905
953	0.301735	0.567334	0.130931
954	0.233045	0.662961	0.103994
955	0.294338	0.567908	0.137754
956	0.301214	0.555244	0.143542
957	0.294630	0.573191	0.132179
958	0.311500	0.558285	0.130215
959	0.303790	0.566786	0.129423
960	0.277574	0.595389	0.127036
961	0.299833	0.567823	0.132344
962	0.312349	0.553358	0.134293
963	0.245556	0.626902	0.127542
964	0.271954	0.602544	0.125502
965	0.277292	0.593791	0.128916
966	0.307242	0.549512	0.143246
967	0.271518	0.603413	0.125069
968	0.278486	0.586754	0.134761
969	0.182450	0.718716	0.098833
970	0.290526	0.572266	0.137208
971	0.272433	0.599374	0.128193
972	0.281507	0.599847	0.118645
973	0.305422	0.559796	0.134782
974	0.254675	0.620446	0.124879
975	0.303401	0.561039	0.135559
976	0.275477	0.580866	0.143658
977	0.269965	0.596385	0.133651
978	0.300558	0.566505	0.132937
979	0.309039	0.561763	0.129197
980	0.296050	0.574281	0.129669
981	0.271759	0.606615	0.121626
982	0.252356	0.615323	0.132321
983	0.203469	0.694918	0.101613
984	0.269601	0.609185	0.121215
985	0.225191	0.646502	0.128307
986	0.245036	0.647311	0.107653
987	0.286660	0.576960	0.136380
988	0.280913	0.594012	0.125075
989	0.309296	0.557419	0.133285
990	0.269457	0.598647	0.131896
991	0.293627	0.577154	0.129220
992	0.283143	0.576777	0.140080
993	0.260852	0.624135	0.115013
994	0.279553	0.584076	0.136371
995	0.271425	0.605155	0.123420
996	0.265005	0.597384	0.137611
997	0.319692	0.546085	0.134222
998	0.232858	0.670260	0.096883
999	0.280439	0.588361	0.131201
1000	0.315173	0.552237	0.132590
